2017-05-26 16:01:53.591740 hello 38
2017-05-26 16:01:53.592240 hello 39
2017-05-26 16:01:53.592603 hello 40
2017-05-26 16:01:53.592903 hello 41
2017-05-26 16:01:53.593254 hello 42
2017-05-26 16:01:53.593635 hello 43
2017-05-26 16:01:53.593940 hello 44
2017-05-26 16:01:53.594254 hello 45
2017-05-26 16:01:53.594599 hello 46
2017-05-26 16:01:53.594892 hello 47
2017-05-26 16:01:53.595220 hello 48
2017-05-26 16:01:53.595514 hello 49
2017-05-26 16:01:53.595811 hello 50
2017-05-26 16:01:53.596133 hello 51
2017-05-26 16:01:53.596432 hello 52
2017-05-26 16:01:53.596720 hello 53
2017-05-26 16:01:53.597007 hello 54
2017-05-26 16:01:53.597296 hello 55
2017-05-26 16:01:53.597584 hello 56
2017-05-26 16:01:53.597869 hello 57
2017-05-26 16:01:53.598153 hello 58
2017-05-26 16:01:53.598455 hello 59
2017-05-26 16:01:53.598741 hello 60
2017-05-26 16:01:53.599025 hello 61
2017-05-26 16:01:53.599337 hello 62
2017-05-26 16:01:53.599622 hello 63
2017-05-26 16:01:53.599906 hello 64
2017-05-26 16:01:53.600194 hello 65
2017-05-26 16:01:53.600479 hello 66
2017-05-26 16:01:53.600763 hello 67
2017-05-26 16:01:53.601049 hello 68
2017-05-26 16:01:53.601407 hello 69
2017-05-26 16:01:53.601695 hello 70
2017-05-26 16:01:53.601980 hello 71
2017-05-26 16:01:53.602283 hello 72
2017-05-26 16:01:53.602567 hello 73
2017-05-26 16:01:53.602852 hello 74
2017-05-26 16:01:53.603619 hello 75
2017-05-26 16:01:53.603924 hello 76
2017-05-26 16:01:53.604221 hello 77
2017-05-26 16:01:53.604513 hello 78
2017-05-26 16:01:53.604853 hello 79
2017-05-26 16:01:53.605183 hello 80
2017-05-26 16:01:53.605511 hello 81
2017-05-26 16:01:53.605834 hello 82
2017-05-26 16:01:53.606201 hello 83
2017-05-26 16:01:53.606522 hello 84
2017-05-26 16:01:53.606846 hello 85
2017-05-26 16:01:53.607198 hello 86
2017-05-26 16:01:53.607527 hello 87
2017-05-26 16:01:53.607844 hello 88
2017-05-26 16:01:53.608165 hello 89
2017-05-26 16:01:53.608481 hello 90
2017-05-26 16:01:53.608815 hello 91
2017-05-26 16:01:53.609138 hello 92
2017-05-26 16:01:53.609463 hello 93
2017-05-26 16:01:53.609780 hello 94
2017-05-26 16:01:53.610100 hello 95
2017-05-26 16:01:53.610403 hello 96
2017-05-26 16:01:53.610698 hello 97
2017-05-26 16:01:53.611011 hello 98
2017-05-26 16:01:53.611376 hello 99
2017-05-26 16:01:53.611717 hello 100
2017-05-26 16:01:53.612000 EOT
