2017-05-26 14:15:39.505122 START
2017-05-26 14:15:39.505722 hello 1
2017-05-26 14:15:39.506122 hello 2
2017-05-26 14:15:39.506473 hello 3
2017-05-26 14:15:39.506834 hello 4
2017-05-26 14:15:39.507262 hello 5
2017-05-26 14:15:39.507612 hello 6
2017-05-26 14:15:39.507994 hello 7
2017-05-26 14:15:39.508348 hello 8
2017-05-26 14:15:39.508738 hello 9
2017-05-26 14:15:39.509100 hello 10
2017-05-26 14:15:39.509462 hello 11
2017-05-26 14:15:39.509822 hello 12
2017-05-26 14:15:39.510234 hello 13
2017-05-26 14:15:39.510586 hello 14
2017-05-26 14:15:39.510962 hello 15
2017-05-26 14:15:39.511342 hello 16
2017-05-26 14:15:39.511674 hello 17
2017-05-26 14:15:39.512009 hello 18
2017-05-26 14:15:39.512382 hello 19
2017-05-26 14:15:39.512857 hello 20
2017-05-26 14:15:39.513348 hello 21
2017-05-26 14:15:39.513807 hello 22
2017-05-26 14:15:39.514226 hello 23
2017-05-26 14:15:39.514642 hello 24
2017-05-26 14:15:39.515090 hello 25
2017-05-26 14:15:39.515524 hello 26
2017-05-26 14:15:39.515948 hello 27
2017-05-26 14:15:39.516373 hello 28
2017-05-26 14:15:39.516808 hello 29
2017-05-26 14:15:39.517222 hello 30
2017-05-26 14:15:39.517626 hello 31
2017-05-26 14:15:39.518035 hello 32
2017-05-26 14:15:39.518450 hello 33
2017-05-26 14:15:39.518893 hello 34
2017-05-26 14:15:39.519336 hello 35
2017-05-26 14:15:39.519784 hello 36
2017-05-26 14:15:39.520248 hello 37
2017-05-26 14:15:39.520633 hello 38
2017-05-26 14:15:39.521009 hello 39
2017-05-26 14:15:39.521333 hello 40
2017-05-26 14:15:39.521777 hello 41
2017-05-26 14:15:39.522204 hello 42
2017-05-26 14:15:39.522636 hello 43
2017-05-26 14:15:39.523131 hello 44
2017-05-26 14:15:39.523539 hello 45
2017-05-26 14:15:39.523986 hello 46
2017-05-26 14:15:39.524436 hello 47
2017-05-26 14:15:39.524851 hello 48
2017-05-26 14:15:39.525252 hello 49
2017-05-26 14:15:39.525680 hello 50
2017-05-26 14:15:39.526124 hello 51
2017-05-26 14:15:39.526475 hello 52
2017-05-26 14:15:39.526769 hello 53
2017-05-26 14:15:39.527090 hello 54
2017-05-26 14:15:39.527382 hello 55
2017-05-26 14:15:39.527667 hello 56
2017-05-26 14:15:39.527948 hello 57
2017-05-26 14:15:39.528231 hello 58
2017-05-26 14:15:39.528517 hello 59
2017-05-26 14:15:39.528789 hello 60
2017-05-26 14:15:39.529059 hello 61
2017-05-26 14:15:39.529332 hello 62
2017-05-26 14:15:39.529609 hello 63
2017-05-26 14:15:39.529892 hello 64
2017-05-26 14:15:39.530160 hello 65
2017-05-26 14:15:39.530426 hello 66
2017-05-26 14:15:39.530704 hello 67
2017-05-26 14:15:39.530977 hello 68
2017-05-26 14:15:39.531273 hello 69
2017-05-26 14:15:39.531545 hello 70
2017-05-26 14:15:39.531813 hello 71
2017-05-26 14:15:39.532084 hello 72
2017-05-26 14:15:39.532361 hello 73
2017-05-26 14:15:39.532641 hello 74
2017-05-26 14:15:39.532914 hello 75
2017-05-26 14:15:39.533192 hello 76
2017-05-26 14:15:39.533468 hello 77
2017-05-26 14:15:39.533745 hello 78
2017-05-26 14:15:39.534031 hello 79
2017-05-26 14:15:39.534309 hello 80
2017-05-26 14:15:39.534585 hello 81
2017-05-26 14:15:39.534861 hello 82
2017-05-26 14:15:39.535158 hello 83
2017-05-26 14:15:39.535440 hello 84
2017-05-26 14:15:39.535715 hello 85
2017-05-26 14:15:39.536003 hello 86
2017-05-26 14:15:39.536279 hello 87
2017-05-26 14:15:39.536578 hello 88
2017-05-26 14:15:39.536856 hello 89
2017-05-26 14:15:39.537137 hello 90
2017-05-26 14:15:39.537414 hello 91
2017-05-26 14:15:39.537687 hello 92
2017-05-26 14:15:39.537966 hello 93
2017-05-26 14:15:39.538241 hello 94
2017-05-26 14:15:39.538517 hello 95
2017-05-26 14:15:39.538794 hello 96
2017-05-26 14:15:39.539091 hello 97
2017-05-26 14:15:39.539369 hello 98
2017-05-26 14:15:39.539647 hello 99
2017-05-26 14:15:39.539922 hello 100
2017-05-26 14:15:39.540205 EOT
