2017-05-26 15:40:17.593413 START
2017-05-26 15:40:17.593964 hello 1
2017-05-26 15:40:17.594366 hello 2
2017-05-26 15:40:17.594751 hello 3
2017-05-26 15:40:17.595161 hello 4
2017-05-26 15:40:17.595543 hello 5
2017-05-26 15:40:17.595888 hello 6
2017-05-26 15:40:17.596183 hello 7
2017-05-26 15:40:17.596470 hello 8
2017-05-26 15:40:17.596761 hello 9
2017-05-26 15:40:17.597117 hello 10
2017-05-26 15:40:17.597864 hello 11
2017-05-26 15:40:17.598344 hello 12
2017-05-26 15:40:17.598781 hello 13
2017-05-26 15:40:17.599244 hello 14
2017-05-26 15:40:17.599738 hello 15
2017-05-26 15:40:17.600305 hello 16
2017-05-26 15:40:17.600697 hello 17
2017-05-26 15:40:17.601076 hello 18
2017-05-26 15:40:17.601460 hello 19
2017-05-26 15:40:17.601827 hello 20
2017-05-26 15:40:17.602192 hello 21
2017-05-26 15:40:17.602557 hello 22
2017-05-26 15:40:17.602922 hello 23
2017-05-26 15:40:17.603296 hello 24
2017-05-26 15:40:17.603661 hello 25
2017-05-26 15:40:17.604018 hello 26
2017-05-26 15:40:17.604374 hello 27
2017-05-26 15:40:17.604731 hello 28
2017-05-26 15:40:17.605088 hello 29
2017-05-26 15:40:17.605446 hello 30
2017-05-26 15:40:17.605810 hello 31
2017-05-26 15:40:17.606168 hello 32
2017-05-26 15:40:17.606529 hello 33
2017-05-26 15:40:17.606886 hello 34
2017-05-26 15:40:17.607262 hello 35
2017-05-26 15:40:17.607615 hello 36
2017-05-26 15:40:17.607949 hello 37
2017-05-26 15:40:17.608269 hello 38
2017-05-26 15:40:17.608588 hello 39
2017-05-26 15:40:17.608903 hello 40
2017-05-26 15:40:17.609220 hello 41
2017-05-26 15:40:17.609547 hello 42
2017-05-26 15:40:17.609860 hello 43
2017-05-26 15:40:17.610174 hello 44
2017-05-26 15:40:17.610495 hello 45
2017-05-26 15:40:17.610806 hello 46
2017-05-26 15:40:17.611132 hello 47
2017-05-26 15:40:17.611448 hello 48
2017-05-26 15:40:24.625197 connection error
2017-05-26 15:40:26.626381 connection error
2017-05-26 15:40:28.628812 connection error
2017-05-26 15:40:30.631176 connection error
