2017-05-26 16:01:50.997492 hello 38
2017-05-26 16:01:50.997866 hello 39
2017-05-26 16:01:50.998132 hello 40
2017-05-26 16:01:50.998372 hello 41
2017-05-26 16:01:50.998604 hello 42
2017-05-26 16:01:50.998840 hello 43
2017-05-26 16:01:50.999107 hello 44
2017-05-26 16:01:50.999353 hello 45
2017-05-26 16:01:50.999594 hello 46
2017-05-26 16:01:50.999833 hello 47
2017-05-26 16:01:51.000070 hello 48
2017-05-26 16:01:51.000318 hello 49
2017-05-26 16:01:51.000560 hello 50
2017-05-26 16:01:51.000803 hello 51
2017-05-26 16:01:51.001047 hello 52
2017-05-26 16:01:51.001291 hello 53
2017-05-26 16:01:51.001532 hello 54
2017-05-26 16:01:51.001769 hello 55
2017-05-26 16:01:51.002009 hello 56
2017-05-26 16:01:51.002251 hello 57
2017-05-26 16:01:51.002491 hello 58
2017-05-26 16:01:51.002732 hello 59
2017-05-26 16:01:51.002972 hello 60
2017-05-26 16:01:51.003223 hello 61
2017-05-26 16:01:51.003466 hello 62
2017-05-26 16:01:51.003704 hello 63
2017-05-26 16:01:51.003943 hello 64
2017-05-26 16:01:51.004180 hello 65
2017-05-26 16:01:51.004421 hello 66
2017-05-26 16:01:51.004658 hello 67
2017-05-26 16:01:51.004895 hello 68
2017-05-26 16:01:51.005131 hello 69
2017-05-26 16:01:51.005369 hello 70
2017-05-26 16:01:51.005605 hello 71
2017-05-26 16:01:51.005842 hello 72
2017-05-26 16:01:51.006080 hello 73
2017-05-26 16:01:51.006332 hello 74
2017-05-26 16:01:51.006567 hello 75
2017-05-26 16:01:51.006804 hello 76
2017-05-26 16:01:51.007039 hello 77
2017-05-26 16:01:51.007289 hello 78
2017-05-26 16:01:51.007525 hello 79
2017-05-26 16:01:51.007762 hello 80
2017-05-26 16:01:51.007998 hello 81
2017-05-26 16:01:51.008235 hello 82
2017-05-26 16:01:51.008488 hello 83
2017-05-26 16:01:51.008724 hello 84
2017-05-26 16:01:51.008959 hello 85
2017-05-26 16:01:51.009196 hello 86
2017-05-26 16:01:51.009429 hello 87
2017-05-26 16:01:51.009664 hello 88
2017-05-26 16:01:51.009901 hello 89
2017-05-26 16:01:51.010138 hello 90
2017-05-26 16:01:51.010374 hello 91
2017-05-26 16:01:51.010628 hello 92
2017-05-26 16:01:51.010864 hello 93
2017-05-26 16:01:51.011120 hello 94
2017-05-26 16:01:51.011359 hello 95
2017-05-26 16:01:51.011596 hello 96
2017-05-26 16:01:51.011834 hello 97
2017-05-26 16:01:51.012069 hello 98
2017-05-26 16:01:51.012305 hello 99
2017-05-26 16:01:51.012543 hello 100
2017-05-26 16:01:51.012779 EOT
