2017-03-09 23:07:57.880581 hello world 1
2017-03-09 23:07:57.880920 hello world 2
2017-03-09 23:07:57.881232 hello world 3
2017-03-09 23:07:57.881520 hello world 4
2017-03-09 23:07:57.881800 hello world 5
2017-03-09 23:07:57.882077 hello world 6
2017-03-09 23:07:57.882353 hello world 7
2017-03-09 23:07:57.882658 hello world 8
2017-03-09 23:07:57.882939 hello world 9
2017-03-09 23:07:57.883226 hello 1
2017-03-09 23:07:57.883501 hello 2
2017-03-09 23:07:57.883773 hello 3
2017-03-09 23:07:59.884966 checking heartbeat
2017-03-09 23:08:01.885670 checking heartbeat
